0000
0002
0003
0004
0005
0009
0010
0012
0014
0015
0019
0020
0023
0027
0028
0029
0030
0031
0032
0035
0036
0038
0039
0040
0042
0043
0044
0046
0049
0050
0052
0053
0054
0055
0057
0059
0060
0064
0065
0068
0069
0071
0073
0074
0075
0076
0077
0082
0084
0086
0089
0091
0093
0094
0095
0096
0099
0100
0101
0102
0104
0105
0109
0110
0111
0113
0114
0115
0116
0117
0118
0119
0122
0124
0126
0128
0129
0132
0134
0135
0136
0138
0139
0141
0142
0143
0144
0145
0147
0148
0149
0150
0151
0152
0153
0154
0155
0158
0160
0161
0163
0164
0165
0166
0168
0169
0170
0174
0175
0176
0177
0178
0183
0185
0186
0187
0188
0189
0190
0191
0194
0195
0198
0199
0200
0201
0202
0204
0205
0206
0207
0209
0210
0212
0213
0214
0216
0217
0220
0221
0224
0225
0226
0228
0229
0231
0235
0236
0237
0238
0239
0240
0241
0242
0243
0244
0245
0246
0249
0253
0255
0256
0258
0260
0261
0263
0265
0267
0268
0269
0270
0271
0273
0276
0277
0278
0281
0282
0283
0284
0287
0289
0292
0294
0295
0296
0299
0300
0301
0302
0303
0307
0308
0310
0311
0312
0313
0315
0318
0320
0321
0322
0324
0326
0328
0331
0332
0334
0335
0336
0340
0342
0346
0347
0349
0350
0351
0353
0354
0355
0357
0359
0363
0364
0365
0369
0370
0374
0375
0377
0379
0382
0383
0384
0386
0389
0391
0392
0394
0396
0397
0398
0399
0400
0401
0402
0404
0405
0407
0409
0410
0411
0412
0413
0414
0415
0417
0418
0420
0423
0424
0425
0426
0427
0429
0430
0431
0432
0433
0434
0435
0436
0437
0438
0439
0442
0443
0445
0446
0449
0450
0451
0453
0454
0456
0458
0459
0460
0461
0462
0465
0467
0470
0472
0473
0474
0476
0477
0478
0479
0480
0482
0484
0485
0486
0487
0488
0491
0492
0494
0496
0497
0498
0500
0501
0502
0506
0508
0509
0510
0511
0512
0514
0519
0521
0523
0524
0526
0527
0528
0529
0532
0533
0534
0535
0536
0537
0538
0539
0540
0541
0542
0543
0544
0545
0547
0548
0550
0551
0556
0557
0558
0559
0562
0563
0564
0566
0567
0568
0569
0575
0581
0582
0584
0585
0586
0587
0588
0590
0591
0592
0595
0598
0599
0601
0603
0604
0605
0607
0608
0610
0611
0614
0616
0617
0618
0619
0620
0623
0624
0625
0627
0628
0629
0630
0632
0633
0634
0636
0640
0641
0642
0644
0646
0650
0651
0652
0653
0656
0659
0660
0661
0669
0670
0671
0672
0673
0674
0678
0680
0682
0684
0685
0686
0687
0689
0690
0693
0694
0695
0696
0697
0698
0700
0701
0702
0703
0704
0705
0706
0707
0709
0710
0711
0712
0713
0714
0715
0716
0717
0719
0721
0723
0725
0727
0729
0730
0732
0734
0737
0738
0739
0742
0748
0749
0752
0754
0755
0756
0757
0758
0759
0761
0765
0766
0769
0770
0771
0774
0775
0777
0779
0780
0782
0783
0784
0786
0787
0788
0789
0791
0793
0794
0795
0796
0797
0798
0799
0801
0803
0804
0806
0808
0810
0812
0813
0815
0817
0820
0821
0822
0823
0824
0825
0826
0828
0833
0834
0836
0837
0838
0840
0842
0844
0846
0848
0849
0850
0851
0853
0854
0855
0856
0857
0858
0859
0860
0861
0864
0866
0867
0869
0871
0875
0876
0878
0879
0880
0882
0883
0885
0886
0888
0889
0891
0893
0894
0895
0897
0899
0901
0902
0905
0906
0909
0912
0913
0915
0916
0917
0918
0920
0921
0922
0923
0925
0927
0931
0933
0935
0936
0937
0939
0940
0944
0947
0949
0950
0951
0955
0958
0961
0963
0964
0965
0967
0969
0970
0973
0975
0976
0977
0978
0979
0981
0983
0986
0990
0991
0993
0994
0996
0997
0998
1000
1001
1002
1003
1005
1006
1007
1008
1009
1010
1011
1012
1013
1014
1015
1016
1017
1018
1019
1020
1021
1022
1023
1024
1026
1031
1033
1035
1036
1038
1039
1040
1043
1044
1047
1048
1049
1050
1052
1053
1055
1056
1057
1058
1059
1061
1062
1063
1066
1068
1069
1070
1071
1073
1074
1076
1077
1082
1083
1084
1086
1087
1088
1089
1093
1094
1096
1097
1098
1099
1101
1103
1104
1107
1108
1109
1111
1112
1113
1114
1115
1117
1120
1121
1126
1130
1135
1136
1138
1139
1141
1142
1143
1144
1147
1151
1152
1153
1158
1159
1160
1162
1163
1164
1165
1167
1168
1169
1170
1171
1172
1173
1174
1176
1179
1180
1182
1183
1185
1186
1189
1190
1193
1197
1199
1200
1202
1205
1206
1209
1211
1212
1214
1215
1216
1217
1218
1223
1226
1229
1231
1234
1236
1237
1238
1239
1240
1241
1243
1244
1248
1249
1250
1251
1255
1256
1258
1259
1260
1262
1263
1264
1266
1268
1269
1270
1271
1272
1274
1275
1276
1277
1278
1280
1282
1283
1284
1286
1287
1292
1293
1295
1296
1297
1298
1299
1300
1301
1302
1303
1305
1306
1309
1311
1312
1313
1314
1315
1316
1317
1318
1322
1323
1325
1326
1327
1330
1331
1334
1335
1336
1337
1338
1339
1341
1342
1343
1344
1345
1346
1348
1349
1350
1353
1354
1357
1358
1360
1361
1362
1364
1365
1366
1367
1368
1370
1371
1372
1376
1379
1380
1382
1384
1386
1387
1388
1389
1392
1393
1394
1396
1397
1399
1401
1403
1404
1405
1408
1410
1412
1413
1414
1415
1416
1419
1420
1422
1423
1424
1425
1426
1427
1429
1431
1432
1433
1436
1437
1438
1440
1442
1443
1445
1446
1447
1450
1451
1452
1456
1457
1458
1460
1461
1462
1465
1466
1467
1468
1470
1472
1473
1474
1475
1476
1477
1478
1479
1481
1482
1485
1486
1487
1488
1489
1492
1496
1498
1499
1500
1501
1502
1506
1507
1508
1509
1510
1512
1516
1519
1523
1524
1525
1526
1527
1529
1532
1533
1535
1536
1537
1538
1540
1541
1542
1543
1545
1546
1548
1549
1551
1552
1553
1554
1556
1557
1558
1559
1560
1561
1562
1563
1564
1568
1569
1570
1571
1573
1574
1577
1579
1580
1581
1582
1584
1586
1587
1589
1591
1593
1594
1596
1599
1601
1605
1606
1608
1610
1611
1612
1613
1615
1616
1617
1618
1620
1621
1622
1623
1624
1625
1627
1629
1630
1631
1632
1633
1634
1636
1637
1638
1639
1642
1644
1645
1649
1652
1653
1654
1655
1656
1657
1658
1659
1664
1666
1667
1668
1670
1671
1673
1675
1676
1677
1679
1680
1681
1683
1684
1685
1686
1687
1688
1689
1690
1693
1695
1696
1697
1698
1699
1702
1703
1704
1709
1711
1713
1714
1715
1716
1717
1718
1726
1727
1728
1730
1731
1732
1735
1736
1737
1738
1739
1742
1745
1746
1747
1748
1749
1751
1752
1754
1756
1757
1760
1763
1766
1770
1771
1772
1773
1774
1775
1776
1779
1780
1783
1784
1786
1787
1788
1789
1791
1795
1798
1800
1801
1802
1804
1805
1806
1807
1809
1812
1814
1815
1817
1818
1820
1823
1824
1826
1827
1828
1829
1831
1832
1833
1834
1835
1837
1838
1841
1843
1845
1846
1847
1848
1850
1851
1852
1853
1854
1855
1856
1857
1858
1860
1861
1863
1868
1869
1870
1871
1872
1875
1876
1878
1879
1885
1886
1888
1889
1890
1891
1892
1893
1894
1895
1899
1900
1901
1902
1903
1905
1907
1909
1910
1911
1912
1913
1914
1915
1917
1920
1922
1924
1926
1927
1928
1929
1932
1933
1934
1935
1936
1937
1938
1939
1940
1941
1944
1945
1947
1948
1950
1952
1954
1956
1957
1958
1960
1961
1963
1964
1965
1966
1968
1973
1974
1975
1976
1977
1978
1980
1981
1982
1983
1984
1986
1989
1991
1992
1994
1997
1998
2000
2002
2005
2006
2010
2011
2012
2015
2016
2017
2018
2019
2021
2023
2025
2026
2027
2028
2030
2031
2032
2033
2034
2035
2037
2039
2040
2041
2042
2044
2045
2048
2049
2050
2052
2053
2054
2055
2056
2057
2058
2059
2061
2062
2065
2066
2069
2070
2072
2073
2074
2075
2076
2078
2080
2081
2082
2085
2086
2087
2088
2089
2090
2091
2093
2094
2095
2097
2098
2099
2101
2102
2105
2106
2107
2108
2109
2110
2113
2115
2116
2117
2120
2121
2122
2123
2127
2129
2132
2133
2134
2138
2139
2142
2144
2145
2149
2153
2155
2156
2157
2158
2160
2161
2162
2163
2166
2167
2169
2170
2172
2173
2174
2175
2176
2177
2178
2179
2180
2181
2187
2188
2189
2190
2191
2194
2195
2196
2197
2198
2199
2200
2202
2205
2207
2209
2210
2211
2213
2215
2216
2217
2218
2219
2223
2225
2226
2227
2228
2231
2232
2233
2234
2235
2236
2238
2239
2240
2241
2243
2244
2247
2248
2250
2252
2257
2259
2262
2263
2265
2266
2267
2268
2269
2272
2273
2274
2275
2278
2279
2280
2282
2283
2286
2287
2288
2290
2291
2293
2296
2297
2302
2303
2304
2306
2308
2310
2312
2315
2316
2317
2320
2322
2323
2324
2325
2326
2328
2329
2331
2333
2335
2337
2338
2339
2341
2343
2345
2346
2347
2348
2349
2350
2351
2352
2353
2356
2357
2358
2360
2362
2363
2364
2365
2366
2370
2371
2372
2375
2377
2378
2381
2382
2384
2385
2386
2387
2388
2389
2391
2392
2394
2398
2403
2404
2405
2406
2407
2410
2411
2413
2416
2418
2420
2421
2422
2423
2425
2427
2429
2431
2433
2434
2437
2439
2440
2441
2442
2443
2444
2445
2447
2448
2449
2450
2452
2453
2455
2456
2457
2458
2460
2461
2464
2466
2469
2470
2471
2472
2474
2476
2477
2480
2482
2483
2485
2486
2487
2488
2489
2490
2491
2493
2494
2496
2497
2498
2499
2502
2504
2507
2508
2510
2513
2518
2520
2521
2522
2524
2526
2528
2530
2532
2533
2534
2535
2537
2538
2539
2540
2541
2544
2546
2547
2548
2549
2551
2553
2554
2555
2556
2557
2558
2559
2560
2561
2562
2563
2564
2565
2566
2568
2569
2570
2572
2573
2574
2577
2578
2579
2581
2584
2586
2590
2592
2594
2595
2597
2601
2602
2604
2605
2606
2607
2608
2611
2612
2614
2615
2616
2617
2621
2622
2624
2626
2628
2631
2632
2633
2634
2636
2637
2638
2639
2641
2642
2647
2650
2653
2654
2657
2659
2660
2665
2666
2667
2669
2671
2672
2673
2676
2677
2679
2680
2683
2684
2685
2686
2689
2691
2692
2693
2697
2698
2699
2700
2701
2702
2703
2707
2709
2711
2712
2714
2715
2717
2718
2719
2720
2721
2722
2723
2725
2726
2727
2729
2732
2733
2734
2735
2738
2739
2741
2742
2743
2745
2747
2748
2749
2750
2751
2752
2754
2755
2756
2757
2758
2759
2760
2761
2762
2763
2764
2766
2767
2768
2769
2770
2771
2772
2773
2774
2775
2782
2783
2784
2786
2787
2788
2790
2791
2792
2793
2794
2796
2797
2798
2799
2801
2802
2803
2804
2805
2808
2810
2812
2814
2818
2819
2820
2821
2823
2825
2826
2827
2828
2832
2833
2837
2838
2840
2841
2843
2844
2849
2850
2851
2852
2854
2857
2858
2859
2860
2862
2863
2865
2866
2868
2869
2870
2873
2875
2876
2877
2880
2881
2882
2883
2884
2886
2888
2891
2892
2893
2894
2895
2896
2897
2899
2900
2901
2903
2904
2905
2909
2910
2912
2914
2916
2917
2918
2919
2921
2924
2925
2926
2927
2928
2930
2932
2936
2939
2941
2942
2944
2945
2946
2949
2950
2951
2953
2954
2956
2957
2958
2959
2963
2964
2965
2966
2967
2968
2972
2973
2974
2975
2977
2978
2983
2984
2986
2989
2990
2991
2992
2993
2995
2997
2999
3001
3006
3007
3008
3009
3010
3011
3012
3013
3014
3016
3018
3019
3020
3023
3024
3025
3026
3027
3029
3030
3032
3033
3036
3037
3038
3040
3044
3045
3047
3051
3052
3053
3054
3057
3058
3060
3062
3063
3064
3066
3067
3068
3070
3071
3073
3074
3075
3077
3078
3081
3082
3083
3084
3085
3086
3087
3088
3090
3091
3092
3093
3094
3095
3097
3098
3100
3101
3102
3104
3105
3106
3107
3110
3112
3116
3117
3118
3119
3120
3123
3124
3125
3126
3129
3130
3131
3132
3133
3136
3137
3139
3140
3141
3142
3143
3144
3145
3147
3148
3150
3151
3152
3153
3154
3155
3158
3160
3161
3162
3163
3164
3165
3166
3167
3169
3170
3171
3173
3174
3175
3176
3178
3180
3181
3183
3184
3186
3187
3188
3189
3191
3192
3195
3196
3198
3199
3200
3201
3202
3203
3204
3208
3210
3211
3212
3214
3215
3216
3218
3225
3230
3234
3235
3242
3243
3245
3246
3247
3248
3249
3251
3252
3256
3257
3258
3260
3261
3262
3265
3266
3267
3268
3269
3272
3274
3275
3276
3277
3278
3279
3283
3284
3285
3288
3291
3292
3295
3297
3304
3305
3306
3309
3310
3311
3313
3314
3315
3316
3318
3319
3320
3321
3322
3325
3326
3329
3330
3331
3333
3335
3337
3338
3339
3341
3342
3343
3345
3347
3349
3352
3353
3357
3358
3359
3360
3362
3364
3365
3366
3367
3368
3369
3370
3373
3374
3375
3376
3377
3378
3379
3385
3387
3388
3389
3390
3393
3394
3396
3397
3398
3401
3402
3403
3405
3406
3407
3408
3409
3410
3413
3416
3417
3420
3421
3422
3423
3424
3428
3430
3432
3433
3435
3437
3439
3441
3442
3443
3445
3447
3449
3450
3453
3457
3461
3462
3464
3466
3467
3472
3474
3476
3477
3479
3481
3482
3483
3485
3486
3488
3489
3490
3492
3493
3494
3495
3498
3501
3504
3505
3507
3509
3510
3512
3513
3514
3516
3518
3519
3524
3525
3527
3529
3530
3531
3532
3534
3536
3538
3539
3540
3542
3543
3545
3547
3549
3550
3552
3553
3554
3555
3556
3558
3559
3560
3561
3562
3563
3564
3567
3568
3569
3570
3574
3576
3577
3578
3579
3582
3584
3585
3586
3587
3588
3589
3590
3591
3593
3596
3597
3598
3599
3600
3601
3604
3605
3606
3610
3611
3613
3614
3616
3617
3618
3619
3620
3621
3622
3623
3630
3631
3632
3633
3636
3637
3638
3639
3643
3645
3646
3647
3648
3649
3651
3652
3654
3656
3657
3658
3660
3661
3662
3665
3666
3667
3668
3669
3670
3671
3672
3675
3678
3679
3680
3681
3683
3684
3685
3686
3687
3689
3690
3693
3696
3697
3700
3702
3703
3706
3708
3710
3711
3713
3715
3716
3719
3720
3721
3724
3725
3728
3729
3730
3732
3733
3734
3735
3739
3740
3742
3744
3745
3746
3748
3749
3750
3753
3754
3759
3760
3761
3762
3763
3764
3765
3766
3768
3770
3771
3772
3773
3775
3776
3777
3778
3779
3781
3782
3784
3785
3786
3789
3791
3792
3793
3795
3796
3797
3799
3800
3801
3802
3803
3805
3806
3808
3809
3810
3811
3812
3813
3817
3819
3822
3823
3824
3826
3828
3829
3830
3831
3833
3835
3836
3837
3840
3842
3843
3844
3845
3846
3849
3851
3852
3853
3855
3857
3858
3859
3860
3861
3863
3865
3866
3867
3868
3869
3870
3871
3872
3874
3875
3877
3879
3880
3883
3884
3886
3888
3889
3890
3891
3892
3894
3895
3897
3899
3900
3901
3903
3907
3908
3909
3911
3912
3914
3917
3918
3919
3920
3927
3928
3933
3935
3936
3938
3942
3943
3944
3945
3947
3948
3949
3950
3952
3954
3955
3959
3960
3963
3964
3965
3966
3967
3968
3969
3970
3971
3973
3974
3975
3978
3979
3981
3982
3983
3984
3985
3986
3987
3989
3990
3991
3992
3993
3997
3998
4000
4003
4004
4005
4007
4012
4015
4017
4019
4020
4021
4024
4025
4026
4028
4029
4032
4033
4035
4036
4037
4038
4039
4040
4041
4042
4043
4045
4046
4047
4048
4049
4050
4051
4052
4053
4054
4055
4056
4058
4059
4060
4061
4062
4064
4065
4067
4069
4070
4071
4072
4073
4075
4077
4078
4079
4080
4081
4082
4083
4084
4085
4087
4088
4089
4090
4091
4092
4093
4094
4095
4096
4097
4098
4099
4100
4101
4102
4105
4106
4107
4108
4113
4115
4116
4117
4118
4119
4121
4122
4123
4124
4126
4127
4128
4129
4130
4132
4133
4134
4136
4142
4143
4144
4145
4147
4148
4149
4150
4152
4154
4156
4158
4159
4160
4161
4162
4163
4164
4165
4166
4167
4169
4170
4171
4172
4173
4175
4177
4178
4179
4180
4181
4182
4183
4184
4185
4186
4187
4188
4189
4191
4192
4193
4194
4195
4196
4197
4199
4201
4205
4206
4208
4209
4210
4211
4215
4216
4220
4221
4222
4225
4226
4227
4229
4230
4232
4233
4234
4235
4236
4239
4240
4243
4244
4245
4246
4248
4249
4250
4252
4254
4255
4257
4258
4259
4260
4261
4262
4263
4264
4265
4266
4267
4269
4270
4271
4272
4273
4274
4275
4277
4278
4279
4282
4285
4287
4288
4291
4295
4298
4299
4300
4301
4302
4304
4305
4308
4309
4310
4311
4312
4314
4316
4318
4319
4321
4323
4325
4326
4327
4328
4329
4330
4331
4333
4335
4338
4339
4340
4342
4344
4347
4349
4351
4352
4355
4358
4362
4363
4368
4370
4371
4373
4374
4376
4377
4378
4379
4380
4381
4383
4384
4385
4388
4389
4391
4393
4394
4395
4396
4397
4399
4400
4401
4406
4407
4409
4410
4412
4414
4415
4416
4420
4421
4423
4424
4425
4428
4429
4430
4431
4432
4433
4434
4437
4440
4441
4442
4443
4445
4446
4448
4451
4453
4454
4455
4457
4458
4460
4461
4462
4463
4464
4465
4466
4467
4468
4469
4470
4471
4473
4474
4475
4476
4477
4478
4479
4480
4481
4482
4483
4484
4487
4491
4492
4493
4494
4495
4497
4498
4500
4501
4503
4504
4505
4507
4509
4511
4513
4514
4516
4517
4518
4520
4522
4526
4527
4528
4530
4531
4533
4535
4536
4539
4540
4541
4542
4544
4546
4548
4549
4550
4551
4552
4553
4554
4555
4556
4557
4559
4566
4567
4572
4573
4574
4575
4576
4577
4579
4580
4581
4582
4583
4584
4585
4588
4589
4590
4591
4592
4593
4594
4595
4597
4598
4599
4600
4601
4602
4603
4604
4606
4607
4608
4611
4612
4614
4615
4619
4621
4622
4624
4625
4626
4628
4630
4631
4632
4633
4634
4636
4638
4639
4640
4641
4644
4647
4649
4650
4652
4654
4655
4657
4659
4661
4663
4664
4665
4668
4669
4671
4672
4676
4677
4678
4679
4682
4683
4684
4685
4688
4691
4692
4693
4694
4695
4697
4699
4700
4701
4702
4704
4705
4706
4707
4709
4710
4711
4715
4716
4717
4718
4720
4721
4722
4725
4726
4731
4733
4734
4735
4736
4737
4738
4739
4740
4744
4747
4749
4751
4752
4754
4755
4756
4757
4759
4761
4762
4763
4765
4766
4767
4768
4769
4770
4772
4773
4774
4775
4779
4782
4783
4784
4785
4787
4788
4791
4793
4795
4796
4797
4798
4799
4800
4804
4805
4806
4807
4809
4810
4813
4814
4816
4818
4819
4820
4821
4822
4824
4825
4826
4829
4830
4832
4833
4835
4837
4838
4840
4841
4842
4843
4846
4848
4849
4850
4851
4853
4854
4855
4856
4859
4862
4864
4866
4867
4868
4869
4872
4874
4875
4876
4877
4878
4880
4881
4882
4884
4885
4886
4887
4888
4889
4890
4891
4892
4893
4894
4896
4898
4901
4905
4906
4907
4910
4911
4913
4917
4919
4920
4921
4923
4926
4928
4931
4932
4933
4934
4935
4936
4937
4939
4940
4941
4942
4943
4945
4946
4949
4950
4951
4957
4958
4959
4960
4964
4965
4966
4968
4970
4971
4973
4974
4976
4978
4979
4980
4981
4982
4984
4986
4987
4988
4989
4991
4993
4995
4996
4997
5000
5001
5002
5003
5004
5005
5006
5007
5011
5012
5013
5014
5016
5017
5018
5019
5020
5023
5024
5029
5032
5033
5034
5035
5038
5040
5041
5042
5044
5045
5046
5047
5048
5049
5050
5051
5053
5054
5055
5056
5058
5059
5060
5061
5063
5065
5066
5071
5072
5074
5075
5077
5078
5079
5081
5083
5085
5086
5087
5088
5090
5093
5097
5098
5099
5100
5101
5102
5104
5106
5107
5108
5109
5111
5112
5113
5114
5115
5118
5120
5121
5123
5125
5127
5128
5129
5130
5133
5134
5135
5136
5137
5138
5139
5140
5142
5143
5144
5146
5148
5149
5155
5156
5157
5159
5160
5162
5164
5165
5166
5167
5169
5171
5172
5173
5174
5175
5176
5178
5180
5185
5187
5189
5191
5193
5194
5195
5196
5197
5199
5200
5201
5202
5204
5205
5206
5207
5208
5209
5211
5212
5213
5214
5216
5218
5221
5222
5223
5224
5231
5232
5233
5235
5236
5237
5238
5240
5242
5245
5246
5247
5248
5249
5250
5251
5252
5253
5254
5255
5257
5259
5260
5261
5262
5264
5265
5267
5268
5269
5271
5272
5273
5274
5276
5278
5282
5283
5287
5288
5296
5297
5298
5301
5302
5303
5305
5306
5307
5309
5311
5313
5314
5316
5317
5319
5320
5323
5324
5326
5329
5331
5332
5333
5334
5335
5337
5338
5340
5341
5343
5344
5346
5349
5351
5352
5353
5355
5356
5357
5358
5359
5360
5363
5364
5365
5366
5367
5371
5372
5373
5374
5375
5376
5381
5382
5383
5384
5385
5389
5392
5393
5394
5395
5397
5398
5400
5401
5402
5404
5407
5408
5410
5412
5413
5414
5415
5417
5420
5421
5422
5423
5424
5425
5432
5433
5434
5437
5441
5442
5444
5445
5446
5447
5448
5449
5452
5453
5454
5455
5456
5457
5458
5459
5460
5461
5463
5464
5465
5466
5468
5469
5470
5473
5474
5479
5480
5481
5482
5483
5484
5486
5489
5490
5492
5493
5495
5496
5497
5499
5500
5501
5502
5503
5506
5507
5508
5509
5510
5513
5516
5517
5519
5520
5521
5522
5523
5524
5526
5527
5528
5529
5530
5532
5533
5534
5535
5536
5537
5539
5541
5542
5544
5546
5548
5549
5550
5551
5553
5555
5556
5557
5558
5560
5561
5564
5568
5570
5572
5573
5578
5579
5584
5585
5587
5588
5590
5591
5592
5594
5595
5596
5604
5605
5608
5609
5611
5612
5614
5616
5617
5620
5621
5623
5625
5626
5627
5628
5629
5631
5632
5634
5638
5640
5644
5645
5646
5647
5648
5650
5651
5652
5654
5655
5656
5657
5659
5660
5661
5662
5663
5664
5665
5666
5667
5668
5669
5670
5671
5673
5674
5675
5677
5679
5684
5685
5687
5688
5689
5691
5693
5694
5695
5696
5698
5699
5702
5705
5707
5708
5709
5710
5711
5713
5715
5716
5717
5719
5721
5722
5723
5725
5727
5729
5731
5733
5735
5737
5742
5743
5745
5747
5748
5749
5752
5755
5756
5759
5760
5761
5762
5763
5764
5765
5768
5769
5773
5774
5776
5778
5779
5780
5784
5785
5787
5788
5791
5793
5794
5795
5798
5799
5800
5801
5804
5805
5806
5807
5808
5810
5811
5813
5814
5816
5817
5818
5819
5821
5822
5824
5825
5826
5827
5830
5831
5832
5833
5836
5837
5838
5841
5842
5843
5844
5846
5848
5852
5853
5854
5855
5856
5857
5858
5859
5860
5864
5865
5866
5868
5869
5871
5873
5875
5876
5877
5878
5885
5886
5887
5889
5890
5891
5896
5898
5901
5902
5903
5905
5906
5907
5909
5911
5914
5915
5916
5917
5919
5920
5921
5922
5923
5925
5926
5927
5928
5931
5932
5933
5934
5935
5936
5937
5938
5940
5941
5942
5943
5944
5945
5949
5952
5953
5954
5956
5957
5959
5961
5963
5965
5967
5968
5969
5971
5973
5974
5976
5977
5978
5979
5980
5982
5984
5987
5988
5989
5990
5991
5992
5994
5995
5996
5998
6003
6005
6007
6009
6010
6011
6012
6014
6015
6016
6017
6018
6019
6020
6023
6024
6027
6029
6031
6033
6034
6037
6038
6040
6041
6043
6046
6047
6049
6051
6052
6054
6055
6056
6057
6058
6061
6063
6064
6065
6067
6068
6069
6072
6074
6076
6080
6083
6084
6086
6088
6089
6090
6092
6093
6095
6096
6097
6098
6100
6105
6107
6108
6109
6113
6114
6115
6117
6118
6119
6121
6122
6123
6125
6126
6127
6128
6129
6130
6131
6133
6134
6135
6136
6138
6139
6140
6141
6142
6143
6144
6145
6151
6154
6155
6157
6158
6159
6160
6161
6163
6164
6165
6166
6167
6169
6170
6171
6172
6174
6177
6178
6179
6180
6182
6183
6184
6186
6189
6190
6192
6193
6194
6197
6198
6199
6200
6201
6203
6204
6206
6207
6212
6213
6215
6217
6218
6219
6220
6221
6222
6224
6225
6226
6227
6228
6229
6230
6232
6238
6240
6242
6244
6247
6251
6253
6254
6259
6260
6261
6262
6263
6264
6265
6267
6268
6269
6270
6271
6272
6273
6274
6276
6277
6279
6281
6282
6283
6284
6286
6288
6290
6292
6294
6297
6298
6300
6301
6302
6303
6304
6306
6307
6308
6309
6310
6312
6314
6315
6316
6319
6322
6323
6324
6325
6326
6328
6329
6332
6334
6336
6339
6341
6342
6344
6347
6348
6349
6350
6351
6352
6353
6354
6355
6356
6357
6358
6360
6363
6364
6365
6367
6369
6372
6373
6374
6376
6377
6379
6385
6388
6391
6394
6396
6397
6399
6401
6402
6405
6406
6409
6411
6412
6414
6415
6417
6419
6422
6423
6426
6427
6429
6430
6433
6434
6436
6437
6438
6440
6441
6442
6446
6447
6448
6451
6453
6454
6456
6457
6459
6465
6466
6467
6469
6471
6472
6474
6476
6477
6479
6480
6481
6483
6484
6485
6488
6489
6490
6491
6493
6494
6495
6497
6500
6503
6504
6506
6507
6508
6516
6517
6518
6520
6522
6523
6524
6525
6526
6527
6528
6530
6532
6533
6534
6536
6537
6539
6540
6542
6543
6545
6547
6548
6549
6550
6551
6552
6554
6555
6557
6558
6559
6560
6561
6562
6563
6565
6566
6572
6574
6576
6577
6578
6579
6581
6583
6585
6586
6587
6588
6590
6591
6592
6593
6594
6595
6596
6598
6601
6605
6606
6607
6609
6610
6611
6612
6613
6615
6616
6617
6619
6620
6622
6624
6625
6626
6628
6631
6632
6633
6636
6637
6639
6640
6645
6646
6649
6651
6656
6657
6658
6661
6662
6663
6664
6665
6666
6667
6668
6669
6670
6672
6673
6676
6679
6681
6682
6683
6684
6685
6686
6688
6689
6690
6691
6692
6693
6695
6696
6697
6698
6699
6700
6701
6703
6704
6705
6706
6707
6710
6712
6714
6715
6717
6718
6720
6721
6723
6725
6726
6728
6730
6734
6735
6736
6737
6738
6740
6741
6743
6744
6745
6749
6751
6752
6753
6757
6758
6761
6762
6763
6765
6766
6771
6772
6773
6774
6775
6776
6777
6778
6779
6782
6784
6785
6788
6790
6791
6794
6795
6796
6798
6799
6802
6803
6808
6809
6810
6812
6814
6817
6819
6821
6823
6824
6825
6826
6827
6828
6829
6830
6832
6833
6834
6835
6837
6838
6840
6842
6843
6844
6845
6846
6848
6849
6850
6851
6857
6858
6861
6862
6863
6865
6867
6868
6870
6874
6876
6877
6878
6879
6880
6881
6883
6884
6886
6887
6888
6889
6890
6891
6892
6895
6896
6899
6900
6901
6902
6905
6906
6907
6908
6909
6910
6911
6912
6913
6914
6917
6918
6919
6920
6921
6923
6925
6926
6927
6929
6930
6932
6934
6935
6936
6938
6944
6946
6948
6951
6952
6955
6956
6957
6958
6959
6960
6962
6965
6966
6969
6971
6972
6973
6976
6978
6979
6981
6982
6983
6984
6986
6987
6989
6990
6991
6992
6993
6996
6997
7000
7003
7005
7008
7009
7011
7013
7014
7015
7017
7019
7020
7021
7022
7024
7025
7026
7029
7030
7034
7035
7036
7037
7038
7039
7041
7043
7044
7045
7047
7048
7050
7051
7052
7054
7055
7056
7058
7059
7060
7062
7063
7065
7067
7069
7070
7071
7072
7073
7076
7080
7082
7084
7085
7086
7087
7088
7089
7090
7094
7095
7096
7097
7098
7099
7100
7102
7103
7105
7107
7108
7109
7110
7112
7114
7116
7117
7118
7121
7122
7124
7125
7127
7128
7130
7133
7134
7137
7138
7141
7142
7143
7144
7145
7146
7147
7150
7151
7152
7153
7154
7155
7156
7157
7158
7159
7160
7161
7162
7167
7168
7169
7171
7172
7173
7174
7176
7177
7178
7179
7180
7182
7185
7187
7190
7191
7192
7193
7195
7197
7198
7203
7204
7205
7206
7207
7208
7209
7211
7212
7213
7214
7215
7218
7219
7220
7222
7224
7225
7227
7228
7229
7230
7232
7235
7237
7239
7245
7246
7250
7251
7252
7253
7254
7255
7257
7260
7264
7265
7266
7267
7269
7270
7271
7273
7275
7277
7278
7279
7280
7281
7282
7284
7285
7289
7290
7291
7292
7294
7295
7298
7300
7301
7302
7304
7305
7307
7310
7313
7315
7320
7321
7322
7323
7324
7325
7327
7329
7330
7332
7333
7335
7336
7337
7338
7339
7340
7341
7346
7347
7348
7349
7350
7354
7356
7357
7358
7359
7360
7361
7362
7364
7369
7371
7373
7375
7378
7379
7380
7381
7386
7387
7388
7389
7393
7394
7397
7398
7399
7401
7402
7403
7404
7406
7408
7409
7410
7411
7412
7414
7415
7416
7418
7419
7420
7421
7426
7429
7430
7431
7432
7433
7436
7437
7440
7444
7445
7446
7449
7451
7452
7453
7456
7457
7458
7460
7461
7462
7464
7465
7466
7469
7471
7472
7477
7478
7480
7482
7484
7485
7487
7488
7491
7492
7494
7495
7497
7498
7500
7502
7503
7504
7509
7511
7516
7518
7519
7520
7521
7523
7526
7527
7528
7529
7531
7533
7537
7541
7545
7547
7549
7550
7551
7552
7553
7554
7557
7558
7559
7560
7561
7562
7563
7564
7565
7566
7569
7570
7571
7572
7574
7575
7576
7577
7578
7579
7580
7581
7582
7583
7585
7586
7588
7589
7590
7591
7592
7594
7595
7596
7597
7598
7603
7605
7606
7607
7608
7609
7610
7614
7615
7616
7617
7618
7619
7624
7629
7630
7633
7636
7637
7640
7641
7642
7643
7644
7645
7646
7648
7649
7650
7651
7652
7655
7656
7658
7660
7661
7662
7663
7664
7665
7667
7669
7670
7671
7672
7674
7676
7678
7680
7681
7683
7685
7688
7690
7692
7693
7697
7699
7701
7702
7703
7704
7705
7708
7709
7710
7714
7717
7718
7719
7720
7722
7724
7726
7727
7728
7731
7732
7735
7736
7737
7738
7739
7742
7743
7745
7746
7748
7749
7753
7754
7756
7757
7759
7760
7761
7762
7763
7764
7766
7768
7769
7770
7771
7772
7773
7774
7775
7776
7777
7778
7779
7780
7781
7782
7783
7785
7787
7789
7790
7792
7793
7794
7796
7800
7804
7805
7807
7809
7811
7816
7817
7818
7819
7821
7823
7824
7825
7828
7830
7832
7834
7836
7837
7840
7841
7842
7843
7844
7845
7847
7848
7850
7851
7852
7853
7854
7855
7856
7857
7859
7860
7862
7864
7865
7866
7868
7871
7872
7873
7875
7876
7877
7879
7883
7884
7885
7888
7889
7892
7893
7895
7897
7898
7899
7901
7903
7904
7906
7907
7908
7912
7914
7916
7921
7922
7923
7926
7927
7928
7929
7930
7931
7936
7937
7939
7941
7942
7943
7948
7949
7950
7951
7953
7955
7959
7963
7964
7965
7966
7967
7968
7970
7972
7974
7976
7977
7978
7979
7980
7982
7983
7985
7987
7989
7990
7992
7995
7996
7997
8000
8001
8002
8003
8004
8007
8008
8010
8011
8012
8013
8014
8015
8017
8018
8020
8022
8023
8024
8025
8027
8028
8030
8032
8033
8034
8038
8039
8041
8043
8044
8045
8046
8048
8049
8050
8051
8054
8057
8063
8065
8066
8069
8070
8071
8072
8074
8077
8078
8079
8080
8081
8083
8085
8089
8090
8093
8095
8097
8098
8100
8103
8104
8105
8106
8112
8113
8114
8115
8119
8120
8122
8124
8125
8127
8128
8129
8131
8132
8134
8137
8138
8139
8143
8145
8149
8152
8153
8154
8157
8158
8165
8166
8167
8168
8169
8170
8172
8173
8174
8175
8176
8178
8179
8182
8187
8188
8189
8190
8192
8193
8194
8196
8198
8199
8202
8206
8207
8208
8211
8213
8214
8215
8216
8217
8218
8220
8222
8224
8229
8230
8231
8232
8233
8236
8237
8238
8239
8240
8242
8245
8246
8247
8251
8252
8253
8254
8255
8256
8258
8261
8262
8263
8264
8266
8268
8269
8270
8271
8272
8274
8275
8276
8281
8283
8284
8285
8287
8289
8290
8291
8292
8294
8295
8296
8297
8298
8299
8300
8301
8303
8304
8305
8306
8307
8308
8310
8311
8313
8314
8316
8317
8320
8321
8322
8323
8324
8326
8327
8328
8329
8330
8331
8333
8334
8335
8337
8341
8342
8343
8344
8345
8347
8350
8351
8352
8353
8354
8355
8358
8359
8360
8361
8362
8365
8366
8367
8368
8370
8371
8374
8376
8378
8380
8383
8384
8388
8389
8391
8393
8395
8396
8397
8399
8400
8401
8403
8405
8409
8410
8411
8412
8414
8415
8416
8418
8419
8420
8421
8422
8423
8424
8425
8426
8427
8429
8430
8431
8432
8433
8434
8435
8438
8439
8442
8444
8447
8448
8449
8453
8454
8456
8457
8458
8460
8461
8464
8465
8466
8467
8468
8469
8470
8471
8472
8473
8474
8476
8477
8478
8479
8481
8482
8483
8485
8488
8489
8492
8493
8496
8497
8498
8500
8503
8504
8505
8506
8508
8513
8514
8516
8517
8518
8520
8525
8529
8530
8531
8533
8536
8537
8538
8540
8541
8542
8543
8547
8548
8550
8551
8553
8554
8555
8557
8559
8560
8561
8563
8566
8569
8571
8572
8573
8575
8578
8580
8581
8582
8585
8587
8589
8592
8593
8595
8596
8598
8599
8600
8601
8603
8605
8606
8607
8608
8609
8610
8611
8612
8613
8616
8617
8618
8620
8622
8623
8625
8627
8628
8629
8630
8631
8632
8634
8635
8636
8637
8639
8640
8641
8642
8643
8645
8646
8648
8649
8650
8654
8656
8658
8659
8660
8661
8662
8664
8666
8668
8671
8673
8674
8675
8676
8677
8678
8679
8680
8681
8682
8684
8685
8688
8689
8690
8695
8696
8699
8700
8704
8705
8707
8708
8709
8710
8711
8712
8713
8715
8716
8719
8720
8722
8726
8727
8728
8729
8731
8732
8733
8734
8736
8738
8739
8740
8741
8742
8743
8744
8745
8749
8750
8751
8752
8753
8755
8756
8757
8759
8760
8761
8763
8765
8766
8767
8768
8769
8770
8771
8773
8774
8775
8776
8777
8779
8780
8781
8783
8786
8787
8789
8790
8793
8794
8795
8796
8797
8800
8801
8802
8803
8804
8805
8806
8807
8808
8809
8810
8811
8812
8814
8815
8816
8819
8820
8822
8823
8825
8827
8828
8833
8834
8835
8836
8837
8838
8840
8845
8846
8848
8849
8850
8851
8852
8853
8854
8857
8860
8862
8864
8866
8870
8871
8875
8879
8881
8882
8884
8885
8887
8889
8890
8891
8892
8893
8896
8898
8900
8901
8903
8905
8907
8909
8911
8914
8915
8916
8918
8919
8920
8921
8922
8923
8924
8925
8926
8929
8931
8932
8933
8934
8935
8937
8938
8942
8944
8946
8948
8949
8950
8951
8952
8953
8956
8958
8959
8961
8963
8964
8967
8968
8970
8973
8974
8976
8977
8978
8979
8980
8981
8982
8983
8984
8988
8989
8991
8992
8994
8995
8997
8998
9000
9001
9002
9003
9004
9005
9006
9007
9008
9009
9011
9012
9013
9014
9016
9018
9019
9021
9022
9023
9024
9025
9030
9031
9035
9036
9037
9038
9039
9040
9041
9042
9051
9052
9053
9054
9056
9057
9058
9059
9060
9062
9063
9064
9065
9066
9067
9068
9069
9073
9074
9076
9077
9079
9081
9085
9086
9088
9089
9090
9092
9093
9094
9095
9096
9097
9099
9100
9101
9103
9106
9107
9109
9110
9111
9112
9114
9115
9117
9118
9120
9121
9125
9126
9127
9129
9133
9134
9135
9136
9137
9140
9142
9145
9148
9149
9152
9153
9154
9155
9157
9158
9161
9162
9163
9164
9165
9166
9167
9169
9170
9172
9174
9175
9176
9177
9178
9181
9182
9183
9184
9187
9189
9193
9195
9196
9197
9198
9199
9200
9201
9202
9203
9205
9206
9208
9211
9212
9213
9218
9220
9221
9223
9226
9228
9229
9230
9231
9232
9233
9234
9235
9237
9238
9239
9241
9242
9244
9245
9247
9249
9250
9253
9254
9256
9257
9258
9259
9261
9262
9263
9264
9265
9267
9269
9270
9271
9272
9275
9276
9277
9278
9279
9280
9281
9282
9283
9286
9288
9290
9291
9292
9294
9295
9298
9300
9301
9302
9303
9304
9305
9306
9307
9308
9312
9313
9315
9316
9317
9318
9319
9320
9322
9323
9324
9325
9327
9328
9329
9332
9333
9335
9336
9339
9341
9345
9346
9347
9348
9349
9350
9351
9352
9353
9354
9355
9356
9357
9358
9359
9361
9363
9364
9366
9367
9369
9370
9371
9372
9373
9375
9376
9377
9378
9380
9381
9382
9383
9385
9386
9387
9388
9390
9391
9392
9393
9394
9395
9397
9399
9400
9401
9402
9404
9405
9406
9407
9408
9413
9414
9415
9421
9422
9423
9424
9425
9427
9428
9429
9430
9431
9434
9435
9436
9437
9438
9439
9440
9442
9444
9445
9446
9447
9448
9450
9451
9452
9457
9458
9460
9463
9464
9467
9469
9470
9471
9473
9477
9478
9479
9482
9483
9484
9486
9487
9490
9491
9495
9497
9499
9501
9503
9505
9507
9509
9510
9511
9512
9514
9515
9516
9517
9518
9520
9521
9522
9523
9524
9526
9527
9528
9529
9530
9532
9533
9537
9538
9540
9541
9543
9544
9546
9547
9548
9550
9552
9557
9560
9562
9563
9564
9565
9566
9567
9568
9569
9570
9573
9574
9575
9576
9578
9579
9580
9581
9586
9587
9588
9591
9593
9595
9596
9600
9601
9604
9605
9606
9608
9609
9610
9611
9613
9614
9615
9618
9619
9620
9622
9624
9627
9629
9630
9632
9634
9639
9640
9641
9642
9644
9645
9647
9648
9649
9651
9652
9654
9655
9656
9658
9660
9662
9663
9664
9665
9667
9668
9669
9670
9671
9672
9673
9674
9676
9678
9679
9680
9681
9683
9684
9686
9687
9688
9689
9690
9691
9693
9695
9696
9697
9702
9705
9706
9707
9708
9711
9712
9714
9715
9719
9721
9722
9723
9724
9727
9728
9729
9730
9731
9732
9735
9736
9737
9739
9740
9743
9744
9745
9747
9748
9749
9750
9752
9753
9754
9755
9757
9758
9762
9765
9767
9769
9770
9771
9773
9774
9775
9777
9778
9780
9784
9790
9792
9794
9795
9796
9797
9801
9802
9804
9805
9806
9809
9810
9811
9812
9813
9814
9815
9817
9818
9821
9824
9826
9829
9830
9831
9832
9834
9835
9837
9844
9845
9847
9852
9853
9858
9860
9861
9862
9866
9868
9869
9870
9871
9872
9873
9875
9877
9878
9879
9881
9882
9883
9884
9885
9886
9887
9888
9889
9890
9892
9893
9894
9895
9896
9898
9899
9900
9902
9903
9904
9905
9906
9910
9912
9914
9915
9916
9917
9920
9923
9925
9926
9927
9928
9929
9930
9931
9932
9934
9935
9936
9937
9938
9939
9943
9944
9945
9947
9948
9949
9950
9951
9953
9954
9956
9957
9958
9961
9962
9965
9970
9973
9974
9975
9977
9979
9981
9984
9985
9986
9987
9988
9989
9990
9991
9992
9993
9996
9999